0	 733
10	 733
20	 733
21.872	 539
24.4421	 575
24.8143	 582
27.3752	 374
27.8304	 349
29.4549	 518
29.6863	 389
30	 733
30.156	 558
30.8124	 556
31.7873	 543
31.9434	 412
31.95	 211
31.95	 213
31.95	 214
31.95	 216
31.95	 217
31.95	 232
31.95	 242
31.95	 244
31.95	 249
31.95	 252
31.95	 256
31.95	 264
31.95	 267
31.95	 276
31.95	 279
31.95	 281
31.95	 285
31.95	 288
31.95	 296
31.95	 301
32.4834	 600
32.7192	 334
33.1346	 342
33.2417	 517
33.317	 535
33.6314	 386
34.172	 592
34.2193	 336
34.4437	 390
34.4988	 548
34.5678	 325
34.5693	 329
35.697	 527
35.7462	 603
35.8452	 313
36.0913	 337
36.1628	 549
36.4839	 321
36.8769	 552
37.0761	 594
37.1945	 369
37.2025	 341
37.7175	 319
37.85	 102
37.85	 103
38.8847	 525
39.1266	 356
39.1318	 401
39.2692	 521
39.6548	 601
39.8045	 581
39.9229	 589
40	 733
40.0871	 367
40.2256	 566
40.3087	 553
40.3627	 574
40.6699	 599
40.7057	 333
40.7924	 541
40.8154	 537
40.8244	 544
40.8736	 368
41.1055	 318
41.2677	 564
41.5454	 381
41.8467	 351
42.0954	 529
42.5351	 554
42.6029	 357
42.7776	 365
42.954	 602
43.082	 376
43.1708	 540
43.1809	 606
43.1866	 400
43.3732	 359
43.5328	 523
43.57	 346
43.6	 205
43.6641	 583
43.9014	 528
43.9197	 411
44.2775	 363
44.3627	 353
44.5782	 371
44.6435	 598
44.6736	 569
44.7509	 611
44.8758	 375
44.957	 393
44.957	 572
44.994	 364
45.0487	 379
45.25	 102
45.25	 103
45.7829	 405
45.84	 316
46.2873	 377
46.6432	 555
46.6577	 609
46.8372	 522
47.125	 402
47.2146	 547
47.4698	 383
47.5461	 534
47.7124	 398
47.7214	 350
47.9243	 605
47.925	 387
48.0636	 327
48.0665	 591
48.1336	 593
48.1755	 519
48.4123	 579
48.5182	 338
48.6675	 322
48.6931	 586
48.7287	 580
48.9045	 352
48.9808	 513
49.0325	 570
49.0688	 330
49.2308	 326
49.263	 410
49.369	 608
49.4893	 559
49.5469	 595
49.6284	 532
49.6721	 577
49.6792	 388
49.7373	 524
49.8703	 536
50	 733
50.2358	 392
50.3884	 714
50.6036	 514
50.7207	 722
50.7642	 360
50.935	 531
51.0883	 343
51.1602	 718
51.4028	 354
51.4654	 590
51.6343	 339
51.7	 102
51.7	 103
51.7661	 345
51.8394	 331
51.907	 340
52.3566	 561
52.603	 530
52.6118	 576
52.7401	 324
52.8482	 562
53.1822	 563
53.2066	 409
53.3086	 404
53.316	 396
53.4037	 538
53.5427	 604
53.9008	 551
54.6019	 716
55.2779	 348
55.3641	 717
55.4504	 399
55.6162	 713
55.9161	 355
56.2841	 542
56.6138	 587
56.6233	 596
56.6578	 610
57.1095	 395
57.3124	 571
57.4341	 320
57.8262	 380
57.975	 102
57.975	 103
58.0101	 347
58.171	 719
58.2706	 560
58.4436	 384
58.4761	 546
58.9186	 328
59.0558	 358
59.4914	 408
59.6652	 344
59.6818	 515
59.9371	 516
60	 733
60.4774	 315
60.6237	 597
60.6815	 557
60.7335	 335
61.4743	 378
61.5778	 366
61.6619	 550
61.7799	 362
61.9123	 385
62.2503	 323
62.2765	 585
62.3853	 584
62.6041	 394
62.6345	 715
63.1147	 372
63.2306	 407
63.7534	 533
63.8322	 382
63.8555	 370
64.0551	 607
64.418	 403
64.45	 102
64.45	 103
64.5703	 373
65.5924	 332
65.6208	 406
65.7113	 565
66.0958	 526
67.2342	 721
67.7957	 391
68.2372	 397
68.4285	 361
69.3269	 568
69.379	 612
69.4012	 314
70.792	 317
70.95	 102
70.95	 103
71.1616	 545
71.1863	 520
71.6369	 578
73.0856	 573
74.7992	 588
78.35	 102
78.35	 103
78.6352	 567
79.6974	 720
83.3419	 477
91.9753	 491
93.842	 425
96.7	 102
96.7	 103
97.8075	 439
98.7377	 413
100.129	 434
100.296	 481
101.755	 474
103.833	 485
104.221	 500
104.538	 510
104.734	 426
105.055	 507
105.883	 442
106.339	 432
106.4	 466
106.916	 429
107.455	 486
107.855	 430
107.983	 501
108.509	 492
108.569	 490
108.839	 487
109.768	 452
110.23	 438
110.34	 440
110.71	 463
110.713	 459
110.742	 482
111.062	 503
111.599	 460
111.741	 431
112.271	 433
112.354	 446
112.625	 462
113.449	 465
114.69	 506
115.048	 416
115.062	 505
115.071	 496
115.262	 473
115.479	 508
115.582	 464
115.829	 450
115.98	 476
116.771	 444
116.896	 449
117.514	 418
117.649	 475
117.96	 436
118.442	 469
118.802	 458
118.831	 455
119.372	 468
119.397	 499
119.944	 437
119.946	 471
120.092	 619
120.128	 691
120.137	 621
120.442	 729
120.498	 472
120.698	 448
120.717	 682
120.747	 629
120.75	 206
120.75	 207
120.887	 703
121.056	 421
121.25	 646
121.317	 417
121.318	 654
121.338	 648
121.394	 694
121.492	 641
121.568	 456
121.861	 705
121.913	 511
122.035	 659
122.296	 711
122.349	 614
122.529	 447
122.576	 497
122.613	 679
122.991	 686
123.016	 731
123.093	 707
123.109	 632
123.143	 730
123.254	 644
123.374	 441
123.676	 494
123.756	 457
123.775	 669
123.848	 461
123.887	 435
124.007	 493
124.108	 479
124.116	 688
124.204	 652
124.258	 483
124.277	 635
124.426	 660
124.523	 502
124.54	 673
124.645	 710
124.771	 640
125.108	 634
125.138	 684
125.188	 630
125.2	 310
125.2	 311
125.375	 309
125.453	 624
125.679	 653
125.714	 678
125.76	 625
125.955	 643
126.135	 675
126.192	 676
126.66	 698
126.8	 616
127.164	 628
127.188	 662
127.279	 617
127.388	 637
127.441	 664
127.469	 420
127.513	 454
127.774	 726
128.018	 671
128.063	 642
128.074	 414
128.226	 685
128.336	 622
128.567	 687
128.82	 692
129.254	 699
129.373	 708
129.374	 649
129.782	 626
129.818	 651
129.993	 655
130.3	 427
130.381	 428
130.575	 32
130.575	 35
130.575	 50
130.575	 82
130.678	 706
130.885	 478
131.338	 683
131.576	 633
131.667	 695
131.75	 104
131.919	 728
131.963	 489
131.988	 680
132.261	 663
132.367	 700
132.631	 645
132.642	 656
132.916	 618
132.94	 667
132.957	 484
132.988	 467
133.123	 670
133.189	 443
133.32	 712
133.584	 665
133.772	 512
133.8	 105
133.8	 106
133.8	 110
133.8	 111
133.8	 113
133.8	 114
133.8	 115
133.8	 122
133.8	 133
133.8	 137
133.8	 149
133.8	 163
133.8	 170
133.8	 171
133.8	 176
133.8	 192
133.8	 193
133.8	 195
133.8	 201
133.8	 204
133.968	 423
134.066	 666
134.297	 498
134.452	 732
134.566	 623
135.105	 480
135.15	 419
135.475	 312
135.634	 724
135.861	 631
135.875	 100
135.875	 101
135.98	 451
136.657	 615
136.947	 672
137.45	 206
137.45	 207
137.483	 674
137.678	 723
137.765	 415
138.254	 702
138.402	 657
138.412	 704
138.453	 453
138.879	 650
138.902	 488
139.006	 727
139.05	 709
139.075	 105
139.075	 106
139.075	 110
139.075	 111
139.075	 113
139.075	 114
139.075	 115
139.075	 122
139.075	 133
139.075	 137
139.075	 149
139.075	 163
139.075	 170
139.075	 171
139.075	 176
139.075	 192
139.075	 193
139.075	 195
139.075	 201
139.075	 204
139.216	 639
139.227	 613
139.453	 696
139.832	 725
140.4	 104
140.525	 208
140.581	 422
141.214	 638
141.434	 504
142.569	 509
142.884	 470
144.267	 689
144.425	 100
144.425	 101
144.572	 636
145.51	 445
146.46	 701
146.923	 661
147.217	 620
147.473	 693
148.765	 668
148.85	 104
149.013	 424
153.037	 690
153.05	 495
154.259	 627
154.726	 658
155.1	 100
155.1	 101
156.449	 677
158.118	 697
159.275	 104
161.632	 373
163.804	 344
164.621	 376
164.954	 372
166.298	 647
168.573	 401
169.131	 547
169.463	 521
169.957	 378
171.161	 555
171.774	 605
171.95	 100
171.95	 101
172.459	 404
173	 609
173.8	 598
173.818	 580
173.907	 527
174.794	 536
174.919	 320
174.925	 211
174.925	 213
174.925	 214
174.925	 216
174.925	 217
174.925	 232
174.925	 242
174.925	 244
174.925	 249
174.925	 252
174.925	 256
174.925	 264
174.925	 267
174.925	 276
174.925	 279
174.925	 281
174.925	 285
174.925	 288
174.925	 296
174.925	 301
175.259	 381
175.275	 564
175.288	 560
175.528	 411
175.655	 549
175.681	 353
175.977	 584
176.027	 314
176.228	 578
176.25	 104
176.485	 552
176.499	 406
176.75	 561
177.455	 610
177.549	 567
177.789	 588
178.346	 324
178.503	 554
178.642	 559
178.677	 530
179.047	 405
179.123	 539
179.201	 602
179.612	 544
179.74	 599
180.094	 382
180.177	 596
180.4	 408
180.501	 392
180.903	 535
181.028	 529
181.097	 681
181.145	 352
181.186	 563
181.394	 571
181.799	 566
181.866	 600
182.186	 318
182.249	 393
182.278	 573
182.293	 575
182.662	 388
182.755	 553
182.778	 582
182.786	 347
182.82	 375
182.918	 351
183.022	 377
183.024	 325
183.202	 321
183.225	 570
183.239	 330
183.284	 550
183.34	 336
183.383	 366
183.573	 543
183.95	 522
184.141	 606
184.151	 515
184.668	 412
184.867	 557
184.928	 556
184.991	 579
185.052	 395
185.222	 348
185.541	 313
185.668	 551
186.078	 365
186.373	 533
186.552	 371
187.05	 102
187.05	 103
187.131	 577
187.27	 595
187.306	 590
187.363	 331
187.868	 611
187.875	 545
187.925	 205
187.968	 526
188.008	 607
188.163	 585
188.383	 369
188.411	 358
188.497	 586
188.624	 323
188.806	 576
188.878	 389
189.346	 524
189.358	 346
189.494	 593
189.534	 396
189.772	 513
189.914	 367
189.958	 356
190.031	 333
190.13	 540
190.365	 341
190.388	 714
190.561	 410
190.575	 400
190.647	 612
190.661	 592
190.721	 722
190.819	 319
190.976	 558
191.16	 718
191.208	 587
191.286	 537
191.335	 360
191.716	 603
191.915	 403
192.011	 362
192.049	 387
192.057	 338
192.246	 517
192.306	 361
192.453	 380
192.534	 350
192.536	 349
192.695	 339
193.004	 374
193.09	 407
193.213	 523
193.503	 398
193.604	 591
193.691	 574
193.743	 569
193.974	 326
194.098	 531
194.166	 357
194.2	 102
194.2	 103
194.29	 718
194.602	 716
194.701	 520
194.748	 368
194.845	 327
195.069	 514
195.364	 717
195.533	 342
195.616	 713
195.948	 565
196.335	 384
196.487	 541
197.145	 402
197.246	 379
197.428	 409
197.524	 316
197.916	 399
197.989	 315
198.171	 719
198.478	 546
198.504	 359
198.919	 516
198.926	 548
199.192	 597
199.728	 397
199.815	 722
199.95	 329
200.625	 102
200.625	 103
200.634	 534
200.831	 334
200.871	 538
201.138	 518
201.321	 391
201.44	 328
201.605	 525
201.881	 386
202.178	 608
202.203	 343
202.406	 572
202.445	 363
202.634	 715
202.689	 340
203.976	 354
204.264	 562
204.771	 337
205.175	 317
205.325	 568
205.351	 370
205.623	 528
205.91	 332
206.364	 581
206.404	 394
206.549	 383
206.666	 604
206.71	 335
207.125	 102
207.125	 103
207.234	 721
207.329	 601
207.984	 390
210	 733
211.008	 519
211.036	 532
211.609	 583
212.192	 364
212.317	 355
213.556	 345
213.95	 102
213.95	 103
214.543	 589
214.836	 385
215.377	 322
217.372	 594
217.596	 542
218.716	 463
219.697	 720
220	 733
221.875	 102
221.875	 103
224.722	 719
230	 733
234.966	 470
236.169	 430
236.406	 434
239.607	 497
240	 733
245.006	 448
246.08	 417
246.16	 481
246.251	 473
246.301	 510
246.582	 438
246.824	 474
247.067	 455
247.586	 471
247.823	 416
248.444	 420
249.37	 494
249.748	 427
249.829	 459
250	 733
250.627	 504
250.966	 414
251.01	 433
251.198	 512
251.661	 444
252.083	 483
253.234	 720
253.647	 432
254.276	 499
254.637	 498
254.714	 436
254.74	 505
254.873	 502
255.196	 419
255.432	 451
255.504	 475
255.64	 424
256.227	 488
256.926	 449
257.196	 479
257.335	 500
257.632	 443
257.651	 493
258.089	 456
258.365	 484
258.685	 482
259.013	 503
259.124	 487
259.747	 458
260	 733
260.01	 616
260.016	 491
260.074	 446
260.125	 461
260.202	 709
260.346	 692
260.355	 645
260.376	 624
260.442	 729
260.476	 639
260.489	 701
260.653	 678
260.684	 681
260.769	 508
260.828	 672
260.894	 679
261.111	 422
261.269	 710
261.407	 665
261.485	 506
261.559	 478
261.767	 637
261.872	 704
261.903	 698
261.907	 633
262.125	 694
262.218	 617
262.239	 413
262.247	 465
262.468	 466
262.514	 708
262.72	 469
263.016	 731
263.036	 435
263.143	 730
263.155	 440
263.335	 454
263.347	 661
263.584	 445
263.836	 501
263.907	 489
264.061	 699
264.294	 711
264.379	 705
264.487	 685
264.597	 492
264.733	 656
264.85	 310
264.85	 311
264.884	 640
264.937	 426
265.025	 309
265.147	 707
265.213	 683
265.215	 686
265.309	 439
265.379	 670
265.45	 658
265.507	 651
265.602	 680
265.796	 415
266.001	 675
266.166	 689
266.201	 495
266.378	 619
266.795	 650
266.969	 442
267.146	 462
267.499	 453
267.571	 662
267.774	 726
267.779	 700
267.946	 467
268.091	 620
268.108	 638
268.341	 712
268.373	 511
268.421	 429
268.628	 457
268.966	 485
269.662	 649
269.732	 647
269.876	 706
270	 733
270.133	 676
270.327	 655
270.478	 642
270.5	 614
270.567	 477
270.681	 664
270.823	 486
270.825	 32
270.825	 35
270.825	 50
270.825	 82
270.949	 646
271.033	 468
271.34	 682
271.49	 697
271.646	 677
271.919	 728
271.942	 621
272	 104
272.294	 618
272.464	 635
272.571	 674
272.577	 464
272.625	 623
272.648	 702
272.783	 421
272.814	 628
273.104	 636
273.337	 696
273.45	 105
273.45	 106
273.45	 110
273.45	 111
273.45	 113
273.45	 114
273.45	 115
273.45	 122
273.45	 133
273.45	 137
273.45	 149
273.45	 163
273.45	 170
273.45	 171
273.45	 176
273.45	 192
273.45	 193
273.45	 195
273.45	 201
273.45	 204
273.554	 688
273.601	 644
273.653	 507
273.729	 634
274.087	 509
274.136	 437
274.175	 206
274.175	 207
274.322	 490
274.381	 630
274.446	 441
274.452	 732
274.489	 476
274.525	 450
275.043	 687
275.125	 312
275.322	 460
275.634	 724
275.694	 472
275.73	 653
275.95	 100
275.95	 101
276.116	 652
276.187	 425
276.237	 480
276.713	 496
276.825	 627
276.948	 666
276.984	 667
277.035	 690
277.145	 428
277.15	 310
277.15	 311
277.242	 452
277.678	 723
278.05	 309
278.564	 648
279.006	 727
279.161	 423
279.832	 725
280	 733
280.416	 669
280.455	 693
280.875	 104
281.225	 208
281.672	 695
281.763	 657
281.789	 643
282.059	 431
283.207	 663
283.446	 447
283.94	 418
284.65	 100
284.65	 101
284.811	 629
284.928	 703
285.296	 684
285.618	 641
286.188	 691
286.651	 724
286.718	 613
287.394	 622
288.951	 625
289.169	 659
289.425	 104
291.092	 615
294.687	 654
295.101	 362
295.388	 671
295.825	 100
295.825	 101
298.521	 516
299.647	 673
300.35	 104
302.799	 350
302.983	 631
303.849	 668
306.044	 660
308.998	 626
309.322	 315
310.163	 584
310.354	 328
310.404	 551
310.61	 384
311.759	 347
311.858	 586
312.882	 376
313.408	 565
313.723	 358
314.025	 100
314.025	 101
314.329	 330
314.544	 546
314.591	 526
315.375	 407
315.43	 545
315.957	 567
316.924	 521
317.125	 556
317.267	 372
317.495	 597
317.664	 533
318.112	 536
318.116	 329
318.29	 400
318.653	 339
318.734	 594
318.815	 392
318.925	 104
319.155	 583
319.364	 369
319.528	 564
319.664	 365
319.705	 353
319.775	 610
319.802	 380
320.05	 335
320.265	 574
320.351	 352
321.374	 531
321.496	 539
321.549	 388
321.708	 343
321.777	 342
322.004	 381
322.319	 522
322.491	 316
322.781	 576
323.15	 599
323.2	 211
323.2	 213
323.2	 214
323.2	 216
323.2	 217
323.2	 232
323.2	 242
323.2	 244
323.2	 249
323.2	 252
323.2	 256
323.2	 264
323.2	 267
323.2	 276
323.2	 279
323.2	 281
323.2	 285
323.2	 288
323.2	 296
323.2	 301
323.228	 550
323.438	 373
323.813	 558
323.903	 320
323.923	 387
324.109	 517
324.146	 582
324.278	 363
324.31	 532
324.545	 337
324.784	 394
325.362	 561
325.391	 579
325.525	 529
325.544	 540
325.726	 411
325.793	 577
326.037	 528
326.248	 578
326.519	 398
326.843	 572
327.199	 554
327.293	 331
327.363	 313
327.395	 591
327.661	 397
327.819	 524
327.891	 609
327.96	 547
328.112	 596
328.193	 409
328.2	 102
328.2	 103
328.261	 519
328.437	 391
328.624	 537
328.753	 552
328.829	 324
328.993	 548
329.432	 587
329.605	 360
329.768	 406
329.986	 573
330.065	 632
330.073	 327
330.264	 585
330.388	 714
330.449	 377
330.555	 604
330.57	 359
330.647	 401
330.711	 393
330.721	 722
330.765	 370
331.105	 351
331.16	 718
331.375	 371
331.569	 568
331.644	 385
331.766	 345
331.804	 520
332.519	 566
332.537	 368
332.633	 361
332.841	 349
332.893	 403
333.025	 334
333.076	 404
333.11	 612
333.346	 323
333.389	 603
333.585	 319
333.608	 525
333.62	 523
333.695	 383
333.701	 530
333.837	 367
334.013	 412
334.146	 336
334.207	 581
334.351	 396
334.602	 716
334.701	 321
334.802	 589
335.088	 408
335.096	 374
335.278	 348
335.325	 205
335.364	 717
335.501	 588
335.525	 102
335.525	 103
335.57	 405
335.579	 608
335.616	 713
335.687	 317
335.755	 592
335.852	 538
335.921	 355
336.005	 571
336.04	 559
336.056	 590
336.435	 382
336.536	 332
336.634	 598
336.85	 314
336.907	 379
337.01	 557
337.035	 601
337.089	 340
337.109	 395
337.181	 399
337.399	 600
337.41	 542
337.776	 553
337.906	 357
337.987	 718
338.134	 518
338.171	 719
338.259	 606
338.312	 607
338.358	 563
338.882	 338
338.941	 611
338.953	 366
339.076	 389
339.316	 527
340.08	 569
340.111	 602
340.31	 378
340.333	 513
340.599	 541
341.155	 514
341.454	 325
341.875	 102
341.875	 103
341.948	 515
342.093	 555
342.634	 715
342.651	 326
343.106	 341
343.399	 722
343.514	 593
344.146	 713
344.366	 356
344.685	 535
344.938	 402
345.07	 364
345.853	 390
346.111	 544
346.62	 354
347.234	 721
347.322	 543
347.966	 344
348.196	 375
348.278	 318
348.335	 346
348.45	 102
348.45	 103
348.463	 580
349.018	 562
349.234	 560
349.686	 721
350.054	 410
350.072	 595
351.968	 333
352.467	 322
352.566	 386
353.066	 716
354.714	 534
354.932	 605
354.969	 575
355.45	 102
355.45	 103
356.063	 715
356.247	 570
356.788	 549
359.697	 720
363.342	 477
364.425	 102
364.425	 103
371.813	 719
371.975	 491
373.842	 425
377.807	 439
378.738	 413
380.129	 434
380.296	 481
381.755	 474
383.833	 485
384.221	 500
384.538	 510
384.734	 426
385.055	 507
385.883	 442
386.339	 432
386.4	 466
386.916	 429
387.455	 486
387.855	 430
387.983	 501
388.509	 492
388.569	 490
388.839	 487
389.768	 452
390.23	 438
390.34	 440
390.71	 463
390.713	 459
390.742	 482
391.062	 503
391.599	 460
391.741	 431
392.271	 433
392.354	 446
392.625	 462
393.449	 465
394.69	 506
395.048	 416
395.062	 505
395.071	 496
395.262	 473
395.479	 508
395.582	 464
395.604	 720
395.829	 450
395.98	 476
396.771	 444
396.896	 449
397.514	 418
397.649	 475
397.96	 436
398.442	 469
398.802	 458
398.831	 455
399.372	 468
399.397	 499
399.944	 437
399.946	 471
400.249	 705
400.287	 692
400.326	 637
400.442	 729
400.498	 472
400.698	 448
400.76	 663
400.776	 642
400.854	 707
400.872	 673
400.909	 635
401.05	 688
401.056	 421
401.128	 685
401.138	 702
401.247	 621
401.251	 683
401.308	 659
401.317	 417
401.568	 456
401.852	 620
401.913	 511
402.075	 653
402.091	 652
402.142	 706
402.225	 640
402.373	 669
402.414	 626
402.529	 447
402.576	 497
402.588	 695
402.819	 704
402.928	 658
403.016	 731
403.066	 646
403.143	 730
403.374	 441
403.676	 494
403.756	 457
403.848	 461
403.883	 703
403.887	 435
403.901	 679
403.916	 619
404.007	 493
404.037	 615
404.108	 479
404.258	 483
404.323	 654
404.361	 678
404.41	 666
404.523	 502
404.581	 639
404.875	 310
404.875	 311
405.025	 309
405.151	 697
405.213	 709
405.857	 647
406.253	 656
406.291	 649
406.816	 651
406.829	 662
406.933	 667
407.043	 682
407.224	 712
407.434	 629
407.444	 648
407.469	 420
407.513	 454
407.774	 726
407.96	 660
408.074	 414
408.346	 671
408.393	 690
408.608	 650
409.023	 641
409.025	 32
409.025	 35
409.025	 50
409.025	 82
409.442	 636
409.515	 638
409.722	 614
409.764	 672
409.771	 645
410.2	 104
410.277	 676
410.3	 427
410.381	 428
410.885	 478
410.936	 694
411.087	 681
411.558	 689
411.7	 105
411.7	 106
411.7	 110
411.7	 111
411.7	 113
411.7	 114
411.7	 115
411.7	 122
411.7	 133
411.7	 137
411.7	 149
411.7	 163
411.7	 170
411.7	 171
411.7	 176
411.7	 192
411.7	 193
411.7	 195
411.7	 201
411.7	 204
411.887	 634
411.919	 728
411.963	 489
412.033	 696
412.839	 613
412.957	 484
412.975	 627
412.988	 467
413.075	 206
413.075	 207
413.189	 443
413.207	 699
413.375	 312
413.542	 643
413.651	 664
413.772	 512
413.968	 423
414.003	 698
414.2	 100
414.2	 101
414.297	 498
414.452	 732
414.514	 623
414.589	 633
414.815	 622
414.891	 687
414.9	 686
414.997	 731
415.105	 480
415.15	 419
415.624	 624
415.634	 724
415.98	 451
416.798	 700
416.808	 693
417.243	 675
417.56	 661
417.678	 723
417.765	 415
417.956	 708
417.973	 701
417.997	 657
418.453	 453
418.899	 711
418.902	 488
419.006	 727
419.464	 631
419.725	 104
419.832	 725
419.847	 628
420	 733
420.025	 208
420.487	 618
420.581	 422
420.824	 632
420.825	 680
421.339	 625
421.434	 504
422.569	 509
422.884	 470
422.975	 100
422.975	 101
425.336	 677
425.485	 684
425.51	 445
425.74	 617
427.627	 670
428.3	 104
429.013	 424
429.888	 674
430	 733
431	 655
433.05	 495
433.254	 668
434.35	 100
434.35	 101
434.639	 691
436.973	 710
437.306	 528
437.379	 665
438.203	 644
439.45	 104
440	 733
440.566	 630
444.014	 403
444.804	 343
446.164	 569
447.126	 599
447.379	 616
447.506	 534
448.071	 724
448.385	 387
448.924	 321
449.974	 315
450	 733
450.45	 349
450.572	 405
450.66	 355
451.026	 394
451.098	 571
453.141	 612
453.25	 100
453.25	 101
453.746	 395
454.293	 584
454.689	 398
454.905	 522
455.189	 582
455.308	 538
455.527	 526
455.807	 316
456.144	 345
456.325	 211
456.325	 213
456.325	 214
456.325	 216
456.325	 217
456.325	 232
456.325	 242
456.325	 244
456.325	 249
456.325	 252
456.325	 256
456.325	 264
456.325	 267
456.325	 276
456.325	 279
456.325	 281
456.325	 285
456.325	 288
456.325	 296
456.325	 301
456.587	 519
456.716	 576
457.118	 542
457.13	 581
457.559	 389
458.106	 539
458.116	 404
458.261	 385
458.459	 550
458.502	 365
458.614	 352
458.74	 360
458.968	 517
458.975	 546
459.025	 104
459.067	 363
459.28	 335
459.406	 513
459.478	 338
459.725	 548
459.76	 544
459.952	 520
460	 733
460.041	 392
460.073	 590
460.192	 573
460.279	 595
460.788	 328
460.888	 406
461.835	 611
462.049	 558
462.067	 324
462.416	 543
462.439	 320
462.626	 379
462.775	 518
462.809	 605
463.133	 399
463.269	 552
463.37	 340
463.628	 596
463.674	 357
463.831	 382
463.957	 603
464.041	 565
464.045	 568
464.118	 383
464.159	 397
464.298	 588
464.761	 334
464.782	 586
464.825	 336
465.7	 567
465.703	 563
465.709	 585
465.71	 515
465.741	 551
465.747	 556
465.795	 359
465.855	 322
465.886	 580
465.99	 411
466.021	 368
466.164	 554
466.268	 401
466.272	 600
466.397	 594
466.506	 598
466.773	 402
466.92	 407
466.979	 339
467.142	 374
467.26	 575
467.276	 409
467.464	 373
467.531	 380
467.638	 313
467.997	 330
468.012	 376
468.191	 521
468.306	 351
468.576	 610
468.725	 342
468.734	 566
468.938	 540
468.982	 348
469.101	 329
469.111	 323
469.311	 549
469.481	 354
469.779	 535
469.787	 344
469.787	 346
469.841	 532
470	 733
470.016	 562
470.3	 205
470.325	 527
470.346	 609
470.385	 555
470.388	 714
470.418	 606
470.669	 356
470.721	 722
470.931	 362
471.013	 408
471.053	 536
471.133	 579
471.16	 718
471.695	 530
471.76	 577
471.867	 375
471.908	 572
471.911	 559
472.097	 384
472.236	 722
472.252	 529
472.539	 367
472.627	 553
472.922	 381
472.983	 347
473.006	 541
473.154	 608
473.32	 591
473.41	 525
473.574	 533
473.775	 524
473.924	 326
474.37	 366
474.43	 547
474.602	 716
474.636	 350
474.865	 601
474.892	 561
474.908	 341
475.13	 371
475.215	 337
475.364	 717
475.616	 713
476.168	 589
476.298	 364
476.512	 514
476.565	 325
476.577	 574
476.924	 602
477	 102
477	 103
477.139	 523
477.385	 386
477.416	 318
477.627	 388
477.714	 396
478.001	 327
478.171	 719
478.703	 390
478.82	 564
479.104	 592
479.124	 410
479.361	 361
479.493	 412
479.64	 604
480	 733
480.036	 717
480.515	 516
480.554	 358
480.89	 314
480.925	 319
481.669	 593
481.746	 587
481.957	 531
482.198	 333
482.475	 597
482.634	 715
482.811	 332
482.859	 370
483.039	 400
483.064	 372
483.224	 719
483.315	 393
483.387	 578
483.59	 570
483.928	 391
484.413	 378
484.45	 102
484.45	 103
485.74	 583
485.84	 317
486.751	 560
486.952	 607
487.234	 721
488.264	 353
491.123	 377
491.293	 557
491.55	 102
491.55	 103
492.273	 331
493.223	 545
499.697	 720
500.15	 102
500.15	 103
501.406	 714
501.692	 537
503.262	 716
503.868	 719
505.634	 721
506.129	 369
508.487	 715
515.771	 416
515.866	 718
521.285	 454
521.455	 455
522.327	 491
522.82	 471
523.257	 494
523.32	 512
523.555	 447
524.829	 461
525.318	 474
525.652	 460
525.671	 424
525.963	 423
526.694	 434
526.85	 495
527.201	 429
527.873	 441
528.095	 435
528.23	 468
530.015	 477
530.024	 501
530.085	 504
530.609	 438
530.682	 465
530.687	 433
530.689	 496
530.937	 420
531.829	 453
532.337	 506
532.696	 462
534.276	 492
534.401	 490
534.988	 482
535.104	 425
535.586	 484
536.295	 497
536.776	 431
536.792	 488
537.729	 467
537.847	 510
538.009	 437
538.309	 440
538.778	 428
538.952	 466
538.973	 449
539.261	 493
539.303	 415
539.39	 473
539.986	 436
540.007	 705
540.049	 620
540.163	 508
540.194	 485
540.249	 426
540.26	 476
540.366	 643
540.433	 642
540.442	 729
540.487	 459
540.655	 678
540.727	 682
540.807	 657
540.934	 654
541.111	 472
541.217	 667
541.246	 458
541.316	 631
541.433	 439
541.454	 498
541.575	 499
541.661	 413
541.698	 694
541.767	 636
541.796	 442
541.811	 619
541.875	 660
541.975	 503
542.065	 645
542.071	 692
542.157	 683
542.322	 695
542.463	 479
542.568	 470
542.664	 421
542.808	 632
542.823	 502
542.88	 697
543.016	 731
543.034	 712
543.143	 730
543.185	 469
543.299	 689
543.312	 670
543.379	 656
543.571	 704
543.769	 432
543.772	 674
543.876	 676
543.946	 666
544.02	 644
544.053	 463
544.061	 709
544.208	 731
544.322	 422
544.373	 703
544.42	 509
544.792	 684
544.885	 507
545.125	 310
545.125	 311
545.175	 206
545.175	 207
545.3	 309
545.317	 511
545.57	 445
545.575	 211
545.575	 213
545.575	 214
545.575	 216
545.575	 217
545.575	 232
545.575	 242
545.575	 244
545.575	 252
545.575	 256
545.575	 264
545.575	 267
545.575	 276
545.575	 279
545.575	 281
545.575	 285
545.575	 288
545.575	 296
545.575	 301
545.6	 249
545.601	 500
545.662	 621
545.709	 663
545.748	 419
545.922	 626
546.276	 624
546.465	 662
546.658	 687
546.684	 688
546.817	 707
546.932	 444
546.981	 481
547.021	 710
547.294	 475
547.546	 686
547.564	 443
547.774	 726
547.855	 627
548.004	 630
548.026	 450
548.513	 418
548.563	 464
548.732	 480
548.796	 629
548.827	 677
548.834	 681
548.836	 615
548.909	 648
549.132	 483
549.145	 623
549.248	 448
550.222	 700
550.421	 635
550.619	 685
550.653	 655
550.724	 478
550.725	 32
550.725	 35
550.725	 50
550.725	 82
550.838	 691
551.096	 658
551.23	 613
551.43	 486
551.458	 634
551.545	 617
551.81	 647
551.9	 104
551.919	 728
552.149	 456
552.337	 489
552.892	 728
553.187	 640
553.447	 650
553.516	 699
554.224	 452
554.225	 105
554.225	 106
554.225	 110
554.225	 111
554.225	 113
554.225	 114
554.225	 115
554.225	 122
554.225	 133
554.225	 137
554.225	 149
554.225	 163
554.225	 170
554.225	 171
554.225	 176
554.225	 192
554.225	 193
554.225	 195
554.225	 201
554.225	 204
554.452	 732
554.533	 414
555.084	 430
555.099	 731
555.409	 701
555.558	 457
555.634	 724
555.772	 690
555.775	 100
555.775	 101
555.818	 616
555.9	 312
556.639	 671
557.315	 487
557.332	 649
557.678	 723
558.147	 724
558.317	 628
559.006	 727
559.053	 698
559.065	 625
559.115	 720
559.226	 664
559.302	 652
559.389	 639
559.542	 451
559.832	 725
559.996	 665
560.72	 427
560.927	 651
561.35	 208
561.837	 505
562.37	 673
562.714	 675
562.966	 711
563.237	 446
563.38	 659
563.913	 680
564.357	 618
564.45	 100
564.45	 101
564.476	 669
565.616	 641
565.746	 614
565.856	 696
567.275	 104
568.761	 646
569.323	 661
569.369	 417
569.379	 668
569.487	 637
574.458	 672
575.675	 100
575.675	 101
575.925	 622
576.743	 706
576.971	 633
578.189	 315
579.148	 679
580.154	 653
580.5	 104
580.884	 638
583.859	 405
585.259	 578
585.284	 596
585.385	 320
585.513	 724
586.36	 702
588.546	 548
588.756	 536
589.372	 574
589.706	 562
590.046	 531
590.589	 573
590.85	 522
591.409	 585
591.425	 316
591.433	 526
592.247	 546
592.313	 348
592.589	 556
593.012	 329
593.302	 519
593.434	 533
594.506	 353
594.675	 100
594.675	 101
594.76	 557
594.877	 608
594.937	 393
595.343	 544
595.396	 392
595.465	 335
595.912	 604
596.926	 549
597.241	 338
597.664	 708
598.442	 380
598.631	 343
598.738	 412
598.763	 387
599.128	 558
599.225	 693
599.706	 363
599.818	 598
600.339	 404
600.358	 565
600.367	 595
600.391	 602
600.521	 603
600.698	 555
600.741	 395
600.845	 359
600.885	 332
601.004	 356
601.025	 104
601.184	 318
601.375	 535
601.582	 523
601.672	 610
601.777	 525
601.793	 355
601.802	 401
602.709	 532
603.028	 410
603.122	 520
603.352	 346
603.466	 594
603.502	 545
603.648	 408
604.29	 385
604.372	 403
604.432	 590
604.628	 381
604.795	 345
605.428	 340
605.616	 373
605.952	 514
606.072	 537
606.13	 561
606.134	 553
606.288	 374
606.455	 600
606.742	 517
606.749	 554
606.768	 382
607.084	 541
607.259	 314
607.305	 543
607.446	 540
607.469	 377
607.558	 566
607.743	 383
607.868	 406
608.033	 326
608.539	 402
609.015	 538
609.113	 577
609.353	 354
609.394	 325
609.516	 379
609.653	 593
610.1	 391
610.124	 606
610.388	 714
610.694	 560
610.715	 331
610.721	 722
610.744	 581
610.75	 564
611.091	 399
611.16	 718
611.2	 570
611.488	 352
611.638	 322
611.981	 411
611.998	 357
612.001	 341
612.097	 515
612.262	 375
612.31	 586
612.412	 324
612.419	 330
612.546	 524
612.848	 394
612.946	 718
612.971	 337
613.003	 607
613.221	 396
613.241	 589
613.38	 328
613.745	 547
613.881	 390
614.02	 568
614.033	 612
614.215	 518
614.526	 367
614.559	 327
614.602	 716
614.749	 587
614.835	 572
614.919	 559
615.007	 336
615.364	 717
615.589	 527
615.611	 534
615.616	 713
615.792	 384
615.836	 371
615.848	 317
615.922	 582
615.936	 591
616.009	 539
616.041	 397
616.198	 362
616.265	 323
616.325	 102
616.325	 103
616.35	 205
616.522	 313
616.901	 334
616.932	 584
616.979	 580
617.005	 388
617.206	 592
617.411	 342
617.575	 366
617.923	 599
618.011	 588
618.028	 569
618.171	 719
618.745	 407
618.791	 513
618.875	 389
619.214	 351
619.719	 609
619.868	 369
619.915	 722
620.089	 370
620.518	 368
620.689	 376
620.765	 333
621.064	 521
621.276	 319
621.329	 349
621.498	 567
621.854	 601
622.298	 597
622.634	 715
623.12	 530
623.144	 571
623.478	 575
623.5	 102
623.5	 103
623.701	 542
624.492	 398
624.949	 717
625.984	 321
626.247	 409
626.331	 552
626.64	 516
626.855	 529
626.871	 563
627.234	 721
627.971	 372
628.137	 551
628.295	 365
628.682	 400
629.017	 611
629.318	 378
629.388	 386
629.469	 347
629.512	 360
629.718	 605
630	 733
630.013	 550
630.342	 361
630.354	 576
630.6	 102
630.6	 103
630.632	 358
631.246	 344
633.138	 350
633.609	 579
634.646	 719
635.863	 364
636.149	 583
637.673	 424
637.8	 102
637.8	 103
639.626	 716
639.697	 720
639.838	 528
640	 733
640.576	 339
643.428	 715
646.196	 720
646.35	 718
647.1	 102
647.1	 103
647.782	 714
650	 733
657.45	 509
660	 733
660.484	 717
660.568	 452
662.118	 489
663.354	 474
663.688	 500
663.895	 448
665.18	 721
665.357	 504
665.48	 415
666.902	 481
667.042	 433
667.155	 498
667.186	 487
667.191	 471
667.52	 507
667.65	 457
667.9	 413
668.07	 431
668.146	 460
668.759	 462
668.871	 473
669.467	 440
669.631	 493
669.861	 501
670	 733
670.054	 414
671.042	 455
671.213	 477
671.744	 443
671.857	 437
672.004	 436
672.193	 423
672.193	 447
672.588	 438
672.64	 422
672.688	 506
672.855	 427
672.903	 496
673.08	 479
674.904	 468
676.576	 483
676.702	 450
677.062	 505
677.177	 470
677.904	 492
678.514	 425
678.799	 491
678.802	 466
679.439	 511
679.969	 472
680	 733
680.031	 672
680.078	 615
680.109	 640
680.115	 705
680.254	 645
680.261	 686
680.395	 688
680.413	 482
680.442	 729
680.505	 484
680.552	 630
680.571	 628
680.613	 708
680.854	 651
680.912	 428
680.932	 617
680.978	 642
681.039	 684
681.207	 729
681.229	 429
681.29	 419
681.362	 710
681.386	 692
681.413	 648
681.47	 698
681.712	 697
681.781	 445
681.805	 701
681.832	 636
681.836	 689
682.038	 694
682.087	 616
682.214	 614
682.351	 659
682.624	 663
682.768	 666
682.836	 464
683.016	 731
683.143	 730
683.35	 497
683.494	 637
683.501	 633
683.831	 658
683.877	 661
683.936	 458
683.972	 635
683.991	 459
683.998	 702
684.197	 704
684.309	 421
684.325	 310
684.325	 311
684.395	 622
684.411	 465
684.432	 627
684.45	 309
684.553	 490
684.568	 675
684.604	 620
684.606	 696
684.677	 480
684.731	 508
684.78	 700
684.9	 211
684.9	 213
684.9	 214
684.9	 216
684.9	 217
684.9	 232
684.9	 242
684.9	 244
684.9	 249
684.9	 252
684.9	 256
684.9	 264
684.9	 267
684.9	 276
684.9	 279
684.9	 281
684.9	 285
684.9	 288
684.9	 296
684.9	 301
684.934	 678
684.99	 416
685.273	 478
685.36	 665
685.384	 453
685.412	 624
685.431	 446
685.438	 449
685.457	 687
685.514	 668
685.561	 685
685.594	 676
685.862	 650
685.968	 638
686.096	 674
686.244	 652
686.556	 502
686.724	 485
686.783	 618
686.822	 649
686.936	 641
687.007	 420
687.079	 499
687.161	 730
687.414	 662
687.774	 726
687.792	 639
688.036	 418
688.105	 654
688.138	 680
688.367	 435
688.371	 625
688.406	 656
688.716	 456
688.743	 441
688.788	 677
689.23	 495
689.349	 432
689.79	 707
689.996	 670
690	 733
690.27	 699
690.287	 712
690.308	 695
690.416	 683
690.486	 430
690.613	 461
690.651	 643
690.684	 726
690.947	 623
691.33	 494
691.56	 690
691.655	 454
691.697	 646
691.919	 728
692.236	 681
692.429	 655
692.55	 32
692.55	 35
692.55	 50
692.55	 82
692.551	 417
692.601	 667
692.64	 486
692.873	 660
693.553	 488
693.568	 632
693.677	 621
693.725	 104
693.968	 653
694.111	 673
694.264	 439
694.443	 442
694.452	 732
694.804	 629
695.25	 105
695.25	 106
695.25	 110
695.25	 111
695.25	 113
695.25	 114
695.25	 115
695.25	 122
695.25	 133
695.25	 137
695.25	 149
695.25	 163
695.25	 170
695.25	 171
695.25	 176
695.25	 192
695.25	 193
695.25	 195
695.25	 201
695.25	 204
695.489	 703
695.634	 724
695.675	 206
695.675	 207
695.814	 631
696.024	 647
696.308	 709
696.515	 451
696.837	 510
696.925	 312
696.962	 619
697.003	 644
697.328	 475
697.678	 723
697.775	 100
697.775	 101
697.846	 626
698.036	 463
698.986	 503
699.006	 727
699.468	 724
699.503	 426
699.805	 727
699.832	 725
700.088	 669
700.312	 657
700.623	 512
701.493	 671
702.65	 208
703.168	 476
703.171	 679
704.582	 469
705.05	 104
705.116	 691
706.468	 634
706.505	 664
706.625	 100
706.625	 101
706.64	 467
707.527	 693
708.644	 434
709.162	 682
710.04	 444
710.49	 711
710.963	 613
712.385	 706
713.875	 104
714.656	 724
715.516	 731
717.087	 578
718.375	 100
718.375	 101
724.463	 327
724.541	 371
725.25	 104
725.271	 545
727.461	 397
729.166	 394
730.061	 329
730.241	 409
730.487	 526
731.681	 528
731.967	 596
732.646	 533
732.866	 390
733.204	 560
733.679	 553
733.915	 723
733.983	 572
734.285	 541
734.579	 563
734.753	 587
734.897	 410
735.051	 320
735.349	 575
735.612	 375
735.752	 344
735.783	 323
735.974	 570
736.409	 520
736.568	 335
736.877	 336
737.044	 612
737.192	 405
737.313	 402
737.337	 608
738.1	 211
738.1	 213
738.1	 214
738.1	 216
738.1	 217
738.1	 232
738.1	 242
738.1	 244
738.1	 249
738.1	 252
738.1	 256
738.1	 264
738.1	 267
738.1	 276
738.1	 279
738.1	 281
738.1	 285
738.1	 288
738.1	 296
738.1	 301
738.411	 391
738.676	 388
738.934	 609
739.521	 353
739.846	 330
739.873	 539
739.907	 588
739.973	 399
740.075	 100
740.075	 101
740.179	 584
740.421	 319
740.468	 599
740.535	 516
740.544	 536
741.019	 522
741.512	 556
741.621	 606
741.802	 337
741.915	 525
741.993	 322
742.155	 377
742.42	 517
742.664	 385
742.722	 568
742.78	 369
742.853	 366
743.051	 339
743.181	 594
743.287	 324
743.509	 378
743.699	 529
743.8	 513
744.112	 356
744.405	 363
744.458	 404
744.486	 317
744.579	 534
744.581	 519
744.643	 538
744.651	 315
744.846	 544
745.197	 581
745.256	 408
745.284	 313
745.297	 373
745.747	 580
745.819	 600
746.176	 540
746.312	 326
746.737	 376
746.798	 551
746.937	 387
747.075	 343
747.11	 386
747.189	 576
747.53	 400
747.748	 393
747.918	 518
748.008	 605
748.252	 515
748.268	 574
748.304	 542
748.571	 411
748.838	 546
748.873	 531
748.897	 557
748.911	 555
748.925	 205
749.139	 585
749.177	 341
749.181	 380
749.338	 334
749.895	 316
750.125	 104
750.254	 359
750.353	 350
750.363	 358
750.373	 573
750.388	 714
750.431	 535
750.531	 548
750.573	 360
750.721	 722
750.856	 598
751.096	 354
751.115	 589
751.16	 718
751.19	 389
751.239	 412
751.26	 547
751.694	 591
751.705	 349
751.868	 567
751.959	 398
752.108	 569
752.11	 571
752.178	 527
752.623	 383
752.652	 328
752.74	 352
752.772	 357
752.913	 333
753.036	 602
753.199	 401
753.327	 384
753.403	 607
753.537	 396
753.587	 558
753.732	 611
754.107	 403
754.186	 364
754.222	 379
754.385	 325
754.602	 716
754.859	 579
754.881	 381
754.894	 347
754.977	 592
755.024	 368
755.244	 530
755.364	 717
755.394	 566
755.551	 331
755.616	 713
755.712	 610
755.767	 524
755.83	 582
755.946	 537
756.057	 392
756.144	 604
756.408	 351
756.835	 583
757.438	 318
757.607	 554
757.785	 565
758.047	 593
758.048	 361
758.147	 406
758.171	 719
758.653	 340
758.662	 395
759.075	 355
759.213	 550
759.268	 372
759.333	 552
759.349	 603
759.381	 586
760.05	 523
760.135	 370
760.688	 345
761.031	 549
761.07	 543
761.15	 521
761.217	 321
761.302	 374
761.47	 514
761.644	 717
761.801	 601
762.29	 595
762.297	 714
762.459	 590
762.485	 342
762.558	 722
762.634	 715
762.929	 559
762.99	 314
763.299	 338
763.576	 382
763.635	 365
763.995	 719
764.025	 102
764.025	 103
764.28	 348
766.558	 407
767.104	 717
767.234	 721
767.463	 562
767.484	 577
768.592	 597
768.651	 564
769.108	 332
772.025	 102
772.025	 103
772.128	 362
775.418	 715
778.577	 714
778.667	 718
779.521	 367
779.649	 532
779.697	 720
780.144	 346
781.096	 561
782.175	 102
782.175	 103
783.296	 716
788.038	 467
793.887	 717
795.513	 721
797.016	 438
797.542	 414
797.841	 720
798.695	 436
800.986	 415
802.085	 454
802.779	 478
803.558	 464
803.949	 448
803.961	 439
804.963	 497
805.517	 718
806.067	 455
806.265	 473
806.716	 459
807.333	 472
807.43	 460
807.497	 425
807.687	 485
808.182	 444
808.478	 463
808.776	 457
809.808	 461
810.996	 508
811.045	 426
811.627	 494
812.025	 500
812.909	 443
812.948	 509
812.988	 428
813.242	 420
813.985	 431
814.337	 458
814.634	 482
814.797	 510
814.821	 451
815.264	 449
815.322	 434
815.723	 417
815.798	 433
816.286	 469
817.035	 470
817.223	 507
817.567	 450
817.696	 447
819.156	 490
819.33	 506
819.812	 481
819.868	 416
820.293	 682
820.327	 640
820.328	 665
820.342	 695
820.442	 729
820.468	 659
820.499	 624
820.581	 499
820.893	 702
820.919	 693
820.924	 708
821.012	 661
821.191	 685
821.242	 638
821.252	 631
821.333	 710
821.403	 699
821.656	 432
821.668	 446
821.807	 619
821.959	 622
821.983	 441
822.062	 676
822.142	 660
822.222	 613
822.251	 465
822.306	 674
822.443	 644
822.574	 678
822.575	 670
822.656	 621
822.721	 679
822.759	 628
822.874	 491
822.921	 479
823.016	 731
823.141	 632
823.143	 730
823.296	 667
823.362	 626
823.376	 512
823.391	 664
823.474	 684
823.61	 648
823.755	 672
823.792	 477
823.812	 651
823.813	 437
823.814	 707
823.876	 421
823.969	 496
824.036	 504
824.215	 677
824.26	 488
824.536	 475
824.7	 489
824.725	 310
824.725	 311
824.829	 440
824.875	 309
825.137	 643
825.646	 639
825.794	 427
825.812	 658
826.107	 630
826.194	 652
826.277	 618
826.292	 486
826.496	 462
826.943	 498
827.026	 636
827.093	 650
827.25	 625
827.307	 683
827.328	 633
827.48	 673
827.492	 730
827.521	 635
827.566	 669
827.774	 726
827.945	 429
827.979	 623
828.175	 700
828.175	 711
828.195	 480
828.442	 687
828.584	 709
828.939	 671
828.942	 690
829.182	 511
829.187	 726
829.331	 668
829.394	 627
829.448	 712
829.451	 483
829.505	 501
829.514	 435
829.68	 663
830.091	 492
830.225	 645
830.398	 476
830.742	 654
830.815	 634
830.93	 689
830.968	 495
831.515	 614
831.721	 424
831.9	 32
831.9	 35
831.9	 50
831.9	 82
831.919	 728
832.002	 422
832.003	 696
832.272	 418
832.292	 456
832.399	 468
832.766	 649
832.875	 686
833.075	 104
833.101	 423
833.212	 694
833.239	 471
833.919	 493
833.988	 620
834.13	 484
834.452	 732
834.597	 675
834.642	 647
834.65	 105
834.65	 106
834.65	 110
834.65	 111
834.65	 113
834.65	 114
834.65	 115
834.65	 122
834.65	 133
834.65	 137
834.65	 149
834.65	 163
834.65	 170
834.65	 171
834.65	 176
834.65	 192
834.65	 193
834.65	 195
834.65	 201
834.65	 204
835	 206
835	 207
835.38	 705
835.545	 615
835.634	 724
836.072	 419
836.14	 503
836.168	 629
836.325	 312
836.525	 666
836.772	 466
837.003	 505
837.025	 100
837.025	 101
837.3	 474
837.678	 723
838.31	 413
838.391	 655
838.519	 616
838.587	 617
839.006	 727
839.027	 701
839.832	 725
840	 733
840.001	 703
840.455	 430
840.456	 453
840.797	 697
841.381	 642
841.466	 637
841.596	 487
842.15	 208
842.424	 502
843.489	 445
844.934	 731
845.083	 442
845.29	 729
845.736	 691
845.825	 100
845.825	 101
846.998	 656
847.133	 452
848.449	 692
849.224	 641
849.35	 104
850	 733
851.349	 653
852.778	 662
854.337	 688
854.453	 704
855.175	 681
855.483	 680
856.083	 392
857.575	 100
857.575	 101
858.308	 725
858.732	 698
860	 733
862.514	 657
863.152	 602
863.725	 104
863.837	 723
865.063	 706
866.078	 557
868.842	 533
869.341	 328
869.832	 553
870	 733
870.035	 519
871.363	 313
871.715	 610
872.647	 573
872.983	 375
873.268	 373
873.562	 597
873.7	 560
874.077	 322
874.377	 611
874.447	 594
874.634	 604
875.375	 211
875.375	 213
875.375	 214
875.375	 216
875.375	 217
875.375	 232
875.375	 242
875.375	 244
875.375	 249
875.375	 252
875.375	 256
875.375	 264
875.375	 267
875.375	 276
875.375	 279
875.375	 281
875.375	 285
875.375	 288
875.375	 296
875.375	 301
875.715	 580
875.835	 605
875.904	 342
876.534	 394
876.54	 317
876.691	 388
876.956	 541
877.671	 536
878.344	 587
878.83	 352
878.868	 515
879.201	 567
879.446	 368
879.449	 331
879.522	 607
879.641	 574
879.883	 318
880	 733
880.135	 514
880.3	 100
880.3	 101
880.453	 513
880.458	 407
880.491	 341
880.659	 529
880.701	 343
880.853	 537
880.891	 324
881.025	 350
881.315	 549
881.441	 398
881.526	 327
881.735	 556
882.102	 349
882.222	 406
882.383	 408
882.489	 527
882.7	 323
883.403	 412
883.585	 578
883.63	 336
883.781	 547
883.799	 566
883.928	 545
884.076	 358
884.095	 344
884.177	 409
884.536	 534
884.825	 600
884.84	 598
885.01	 593
885.125	 523
885.21	 526
885.281	 360
885.41	 559
885.526	 387
886.041	 558
886.104	 612
886.38	 401
886.44	 572
886.622	 335
886.668	 381
886.738	 320
886.838	 354
886.99	 319
887.053	 325
887.13	 590
887.136	 380
887.704	 390
887.749	 528
887.785	 366
887.806	 376
887.886	 591
888.326	 315
888.38	 581
888.444	 584
888.471	 582
888.825	 205
888.861	 568
888.941	 384
889.003	 546
889.107	 410
889.148	 601
889.218	 362
889.451	 403
889.672	 345
889.723	 357
889.729	 382
890	 733
890.01	 589
890.127	 595
890.248	 330
890.336	 359
890.365	 724
890.388	 714
890.514	 399
890.514	 353
890.644	 544
890.721	 722
890.91	 561
891.06	 571
891.16	 718
891.165	 608
891.43	 554
891.491	 535
891.572	 603
891.597	 340
891.791	 402
891.835	 609
892.024	 385
892.146	 562
892.154	 361
892.248	 588
892.325	 520
892.417	 329
892.489	 579
892.531	 383
892.699	 714
892.952	 575
893.315	 563
893.504	 348
893.686	 555
893.805	 525
893.815	 386
893.904	 337
894.014	 532
894.158	 316
894.295	 565
894.549	 569
894.602	 716
894.627	 397
894.679	 550
894.968	 518
895.138	 577
895.269	 372
895.329	 339
895.364	 717
895.537	 646
895.576	 370
895.612	 332
895.616	 713
895.692	 599
895.696	 405
895.885	 539
895.996	 722
896.107	 516
896.336	 346
896.378	 717
896.507	 371
896.873	 395
897.233	 524
897.27	 411
897.331	 377
897.513	 365
897.596	 592
897.63	 540
898.01	 583
898.049	 542
898.171	 719
898.211	 396
898.438	 570
898.661	 391
898.759	 347
899.005	 585
899.303	 522
899.65	 32
899.65	 35
899.65	 50
899.65	 82
899.724	 576
899.764	 719
899.874	 338
900	 733
900.023	 363
900.328	 552
900.533	 378
900.581	 586
900.85	 104
901.501	 543
901.514	 369
901.609	 521
901.673	 531
901.961	 379
902.236	 714
902.634	 715
903	 100
903	 101
903.133	 389
903.487	 551
903.862	 355
903.863	 314
903.915	 321
904.285	 606
904.46	 715
904.487	 334
904.797	 596
906.122	 530
906.289	 351
906.654	 538
907.234	 721
907.524	 333
907.765	 718
908.404	 548
908.481	 374
908.753	 400
909.77	 717
909.927	 393
910.305	 564
910.44	 364
910.8	 100
910.8	 101
911.191	 367
911.457	 356
912.855	 404
914.802	 326
915.446	 517
918.92	 716
919.697	 720
920.4	 100
920.4	 101
924.95	 102
924.95	 103
926.931	 721
928.927	 720
933.021	 461
935.504	 414
936.297	 439
938.667	 717
939.797	 474
940.505	 437
940.746	 720
941.241	 499
942.422	 718
943.572	 466
945.034	 484
946.81	 424
946.931	 512
947.319	 469
948.164	 492
948.909	 441
949.101	 465
950.577	 493
950.966	 426
950.967	 477
951.078	 436
951.664	 447
951.673	 457
952.295	 427
952.358	 508
952.368	 463
952.751	 497
952.855	 476
952.867	 428
952.93	 423
954.149	 510
954.153	 435
954.173	 495
954.546	 415
955.341	 488
956.212	 460
956.488	 417
956.757	 471
957.172	 431
957.265	 462
957.629	 480
957.943	 452
958.258	 496
958.273	 506
958.321	 443
958.394	 467
958.559	 714
958.698	 434
959.193	 468
959.608	 500
959.61	 448
959.731	 509
959.767	 416
959.875	 425
960.205	 676
960.254	 624
960.269	 698
960.318	 490
960.442	 729
960.461	 642
960.564	 679
960.692	 627
960.789	 709
960.897	 620
960.899	 446
961.181	 645
961.306	 664
961.319	 659
961.444	 673
961.453	 420
961.454	 619
961.625	 505
961.735	 634
961.775	 638
961.977	 707
962.002	 678
962.003	 685
962.175	 507
962.227	 616
962.412	 675
962.551	 681
962.707	 458
962.84	 700
962.98	 705
963.016	 731
963.064	 661
963.128	 658
963.143	 730
963.459	 419
963.498	 494
963.568	 618
963.595	 444
963.768	 683
963.779	 684
963.8	 630
963.899	 646
963.902	 450
963.906	 704
963.913	 672
963.983	 617
963.99	 641
964.026	 502
964.108	 621
964.211	 625
964.373	 640
964.4	 511
964.482	 470
964.547	 701
964.569	 615
964.649	 451
964.708	 459
964.771	 456
964.894	 696
964.9	 310
964.9	 311
965.011	 643
965.075	 309
965.263	 668
965.383	 472
965.388	 482
965.48	 503
965.618	 687
965.618	 475
965.707	 671
965.735	 654
965.998	 662
966.094	 651
966.307	 674
966.337	 656
966.439	 693
966.498	 708
966.715	 647
966.726	 422
967	 32
967	 35
967	 50
967	 82
967.007	 438
967.148	 432
967.193	 670
967.458	 626
967.704	 711
967.706	 629
967.774	 726
967.814	 635
967.951	 653
967.961	 429
968.169	 485
968.175	 104
968.432	 455
968.532	 667
968.578	 648
968.672	 453
968.864	 637
968.941	 479
969.143	 440
969.162	 633
969.333	 486
969.708	 430
969.775	 105
969.775	 106
969.775	 110
969.775	 111
969.775	 113
969.775	 114
969.775	 115
969.775	 122
969.775	 133
969.775	 137
969.775	 149
969.775	 163
969.775	 170
969.775	 171
969.775	 176
969.775	 192
969.775	 193
969.775	 195
969.775	 201
969.775	 204
969.912	 504
969.98	 445
970.138	 639
970.203	 449
970.3	 206
970.3	 207
970.521	 473
971.014	 478
971.115	 682
971.176	 622
971.181	 632
971.251	 680
971.267	 491
971.346	 442
971.475	 312
971.5	 100
971.5	 101
971.535	 487
971.669	 483
971.697	 433
971.904	 413
971.919	 728
972.126	 631
972.229	 464
972.378	 650
972.473	 703
972.604	 628
972.722	 418
972.948	 677
973.025	 489
973.134	 501
973.158	 669
974.042	 454
974.452	 732
974.556	 636
974.606	 691
974.751	 706
975.634	 724
975.664	 421
975.716	 666
976.002	 688
976.343	 498
976.426	 710
976.691	 731
976.813	 660
976.932	 695
977.17	 652
977.678	 723
977.72	 623
977.764	 692
977.92	 649
978.121	 657
978.158	 732
978.273	 690
978.891	 481
978.909	 686
979.006	 727
979.413	 613
979.663	 724
979.832	 725
979.975	 100
979.975	 101
980.23	 665
980.25	 208
981.745	 644
981.755	 702
982.195	 694
982.994	 730
984.45	 104
984.708	 729
984.73	 663
985.273	 731
985.448	 697
985.824	 729
986.356	 655
988.309	 712
991.225	 100
991.225	 101
995.805	 614
996.149	 723
999.425	 104
999.453	 574
999.593	 689
1000.97	 699
1003.61	 336
1004.17	 345
1005.44	 330
1005.88	 561
1005.94	 355
1007.43	 522
1007.59	 554
1008.25	 545
1008.43	 557
1009.27	 528
1009.45	 337
1009.59	 357
1011.47	 579
1011.92	 584
1012.08	 538
1012.39	 368
1013.9	 576
1014.24	 610
1015.53	 100
1015.53	 101
1015.91	 391
1016.74	 547
1016.76	 526
1017.36	 592
1017.45	 598
1017.72	 340
1017.95	 334
1018.91	 401
1018.92	 524
1018.96	 398
1019.05	 588
1019.17	 518
1019.38	 516
1019.59	 356
1019.79	 546
1020.28	 558
1020.44	 402
1020.56	 565
1020.86	 600
1021.23	 211
1021.23	 213
1021.23	 214
1021.23	 216
1021.23	 217
1021.23	 232
1021.23	 242
1021.23	 244
1021.23	 249
1021.23	 252
1021.23	 256
1021.23	 264
1021.23	 267
1021.23	 276
1021.23	 279
1021.23	 281
1021.23	 285
1021.23	 288
1021.23	 296
1021.23	 301
1021.23	 540
1021.45	 392
1021.92	 385
1021.99	 564
1022	 539
1022.14	 349
1022.29	 395
1022.45	 344
1022.54	 532
1022.55	 572
1022.8	 609
1022.92	 364
1023.14	 343
1023.22	 587
1023.26	 390
1023.28	 331
1023.34	 329
1023.34	 536
1023.49	 568
1023.75	 577
1023.91	 361
1024.04	 549
1024.08	 397
1024.41	 326
1024.42	 595
1024.59	 604
1024.84	 317
1024.91	 365
1025.27	 409
1025.32	 338
1025.32	 535
1025.64	 347
1025.97	 376
1026.05	 383
1026.6	 530
1026.89	 593
1026.89	 320
1026.9	 599
1027.03	 562
1027.05	 328
1027.07	 514
1027.12	 571
1027.26	 581
1027.33	 520
1027.38	 548
1027.82	 411
1028.03	 352
1028.18	 550
1028.19	 377
1028.39	 358
1028.54	 582
1028.79	 374
1029.03	 205
1029.55	 575
1029.68	 537
1029.8	 389
1029.83	 388
1030.22	 533
1030.35	 367
1030.39	 714
1030.58	 404
1030.72	 722
1030.95	 552
1031.02	 596
1031.13	 394
1031.16	 718
1031.45	 321
1031.59	 371
1031.62	 608
1031.67	 611
1031.71	 333
1031.9	 379
1032.18	 332
1032.23	 515
1032.56	 725
1032.64	 534
1032.83	 318
1033.08	 314
1033.12	 556
1033.13	 559
1033.15	 542
1033.18	 354
1033.22	 366
1033.43	 102
1033.43	 103
1033.47	 407
1033.59	 583
1033.72	 573
1033.74	 519
1033.74	 384
1033.75	 523
1033.78	 580
1033.79	 359
1033.85	 348
1034.28	 607
1034.39	 590
1034.46	 578
1034.6	 716
1034.83	 316
1034.87	 341
1034.96	 323
1034.98	 591
1034.98	 335
1034.98	 342
1035.36	 717
1035.38	 353
1035.53	 553
1035.57	 362
1035.61	 360
1035.62	 713
1035.83	 714
1035.92	 386
1036.03	 319
1036.15	 589
1036.24	 563
1036.36	 387
1036.65	 351
1036.67	 724
1036.9	 527
1037.08	 406
1037.12	 322
1037.17	 399
1037.45	 313
1037.5	 369
1037.59	 567
1037.61	 585
1038.02	 363
1038.17	 612
1038.17	 719
1038.96	 375
1039.13	 327
1039.32	 325
1039.84	 403
1039.85	 370
1039.91	 393
1039.91	 381
1039.96	 541
1040.03	 378
1040.09	 531
1040.74	 315
1040.83	 525
1041	 350
1041.02	 570
1041.17	 410
1041.25	 517
1041.25	 373
1041.26	 339
1041.46	 382
1041.55	 412
1041.57	 605
1041.59	 346
1041.84	 560
1042.05	 555
1042.13	 569
1042.63	 715
1042.92	 380
1043.27	 603
1043.76	 586
1043.78	 408
1046.57	 405
1046.69	 594
1046.86	 372
1047.04	 606
1047.23	 601
1047.23	 721
1047.76	 543
1047.83	 721
1048.22	 529
1048.42	 717
1048.76	 324
1048.94	 716
1048.95	 513
1049.09	 521
1049.82	 715
1050	 733
1053.13	 551
1054.87	 566
1055.23	 544
1055.28	 718
1055.44	 597
1056.6	 396
1057.17	 717
1058.52	 602
1059.7	 720
1060	 733
1062.28	 400
1065.1	 719
1065.7	 721
1069.29	 714
1070	 733
1071.37	 717
1076.2	 511
1076.95	 413
1077.96	 442
1079.37	 718
1080	 733
1080.76	 487
1081.41	 428
1084.76	 478
1086.6	 448
1086.63	 481
1087.08	 502
1087.73	 490
1087.74	 432
1088.09	 453
1088.28	 462
1089.71	 508
1089.75	 497
1089.88	 418
1090	 733
1090	 461
1090.45	 433
1090.45	 449
1091.05	 489
1091.82	 482
1092.69	 444
1092.82	 491
1093.36	 465
1093.87	 450
1094.1	 417
1094.52	 471
1095.39	 470
1095.86	 420
1095.92	 463
1096.1	 488
1096.1	 452
1096.6	 466
1096.61	 494
1096.74	 425
1097.04	 427
1097.2	 464
1097.39	 510
1097.85	 430
1098.05	 447
1098.6	 440
1098.92	 431
1099.03	 421
1099.2	 483
1099.33	 484
1099.37	 720
1099.81	 495
1100	 733
1100.06	 683
1100.1	 506
1100.14	 504
1100.25	 649
1100.33	 692
1100.34	 507
1100.39	 637
1100.44	 729
1100.58	 671
1100.58	 672
1100.86	 652
1100.9	 509
1101.06	 625
1101.09	 624
1101.16	 706
1101.35	 419
1101.49	 429
1101.59	 704
1101.61	 662
1101.79	 697
1101.83	 475
1101.91	 630
1102.08	 477
1102.31	 459
1102.31	 666
1102.32	 644
1102.34	 650
1102.44	 426
1102.54	 633
1102.58	 626
1102.6	 496
1102.62	 441
1102.74	 422
1102.77	 678
1102.86	 691
1102.88	 435
1102.91	 454
1102.94	 712
1102.96	 415
1103	 500
1103.01	 655
1103.02	 731
1103.11	 451
1103.14	 730
1103.17	 640
1103.22	 424
1103.27	 619
1103.33	 414
1103.4	 628
1103.44	 416
1103.46	 443
1103.53	 623
1103.65	 657
1103.72	 437
1104.26	 634
1104.44	 485
1104.58	 423
1104.6	 436
1104.7	 689
1104.71	 646
1105.05	 469
1105.15	 660
1105.2	 310
1105.2	 311
1105.23	 710
1105.32	 688
1105.33	 639
1105.35	 309
1105.37	 631
1105.49	 663
1105.55	 455
1105.67	 505
1105.76	 705
1105.83	 501
1106.1	 460
1106.38	 473
1106.4	 32
1106.4	 35
1106.4	 50
1106.4	 82
1106.78	 669
1106.87	 620
1106.94	 647
1107.01	 642
1107.06	 673
1107.2	 695
1107.26	 621
1107.32	 636
1107.33	 434
1107.46	 457
1107.51	 486
1107.52	 686
1107.55	 702
1107.58	 104
1107.63	 206
1107.63	 207
1107.76	 707
1107.77	 701
1107.77	 726
1107.8	 438
1107.99	 682
1108.13	 696
1108.17	 693
1108.17	 512
1108.37	 645
1108.67	 681
1108.71	 685
1108.83	 664
1109.23	 105
1109.23	 106
1109.23	 110
1109.23	 111
1109.23	 113
1109.23	 114
1109.23	 115
1109.23	 122
1109.23	 133
1109.23	 137
1109.23	 149
1109.23	 163
1109.23	 170
1109.23	 171
1109.23	 176
1109.23	 192
1109.23	 193
1109.23	 195
1109.23	 201
1109.23	 204
1109.4	 656
1109.46	 493
1109.51	 699
1109.62	 638
1110	 733
1110.04	 498
1110.43	 476
1110.71	 711
1110.72	 670
1110.88	 627
1110.93	 312
1111.03	 468
1111.45	 472
1111.5	 100
1111.5	 101
1111.58	 492
1111.61	 641
1111.74	 622
1111.92	 728
1112.01	 456
1112.08	 700
1112.13	 698
1112.34	 659
1112.77	 731
1112.9	 687
1113.05	 439
1113.31	 635
1113.32	 668
1113.55	 445
1113.57	 474
1113.63	 503
1114.45	 732
1114.7	 618
1114.71	 729
1114.77	 680
1115.17	 730
1115.19	 667
1115.63	 724
1115.71	 728
1115.71	 651
1116.01	 708
1116.28	 467
1116.95	 665
1117.33	 446
1117.68	 723
1117.85	 648
1117.86	 677
1118.5	 499
1118.66	 616
1118.91	 732
1119.01	 727
1119.19	 690
1119.6	 208
1119.83	 725
1119.83	 679
1120	 480
1120.43	 100
1120.43	 101
1120.54	 703
1121.02	 661
1121.29	 731
1121.89	 614
1122.25	 613
1122.26	 615
1123.53	 479
1124.17	 458
1124.78	 674
1125.4	 104
1126.12	 684
1126.34	 654
1127.43	 732
1127.94	 675
1128.96	 723
1130.38	 658
1131.04	 727
1132.48	 694
1133.03	 100
1133.03	 101
1133.83	 643
1135.13	 726
1136.84	 653
1136.95	 617
1137.82	 729
1140.14	 515
1142.6	 380
1144.16	 328
1144.88	 534
1146.01	 629
1146.46	 532
1146.63	 530
1147.09	 342
1147.79	 313
1150.62	 595
1150.75	 632
1150.98	 546
1151.15	 565
1151.41	 323
1152.12	 592
1152.59	 412
1152.87	 350
1153.13	 368
1153.28	 336
1153.62	 573
1153.95	 401
1154.05	 581
1154.35	 538
1154.49	 611
1155.15	 676
1155.74	 369
1155.98	 524
1156.67	 384
1156.74	 586
1156.97	 517
1157.21	 529
1157.47	 709
1157.63	 559
1157.7	 351
1157.97	 513
1158.02	 587
1158.22	 331
1158.28	 376
1158.36	 337
1158.41	 525
1158.56	 542
1158.63	 588
1158.66	 400
1158.71	 383
1159.34	 408
1159.87	 557
1160.22	 348
1160.69	 566
1160.84	 571
1161.78	 390
1161.91	 385
1161.93	 536
1161.94	 518
1161.96	 375
1162.01	 600
1162.02	 371
1162.07	 373
1162.1	 372
1162.37	 554
1162.5	 550
1162.5	 396
1162.58	 379
1163	 358
1163.22	 320
1163.4	 360
1163.69	 562
1163.99	 563
1164.3	 398
1164.4	 409
1164.48	 549
1164.5	 604
1164.66	 391
1164.74	 560
1164.86	 406
1164.96	 330
1165.05	 404
1165.07	 590
1165.26	 594
1165.4	 339
1165.47	 410
1165.48	 598
1165.53	 405
1165.54	 535
1165.57	 314
1165.7	 603
1165.91	 362
1166.35	 356
1166.37	 389
1166.64	 548
1166.68	 570
1166.76	 593
1166.81	 597
1166.9	 361
1167.22	 332
1167.26	 402
1167.74	 556
1167.84	 580
1167.98	 386
1168.03	 576
1168.15	 377
1168.17	 388
1168.4	 205
1168.52	 316
1168.65	 407
1168.88	 340
1168.96	 520
1169.02	 591
1169.05	 353
1169.75	 349
1169.77	 521
1169.9	 403
1169.98	 321
1170.31	 393
1170.37	 519
1170.39	 714
1170.41	 344
1170.43	 363
1170.43	 558
1170.5	 366
1170.72	 722
1170.75	 365
1170.9	 374
1171.16	 718
1171.27	 329
1171.32	 334
1171.38	 378
1171.51	 326
1171.58	 523
1171.62	 411
1171.7	 392
1171.8	 553
1171.92	 352
1172.24	 612
1172.24	 724
1172.4	 32
1172.4	 35
1172.4	 50
1172.4	 82
1172.43	 599
1172.63	 343
1172.69	 545
1172.73	 346
1172.89	 567
1172.92	 394
1173.02	 539
1173.33	 607
1173.46	 568
1173.49	 540
1173.58	 104
1173.84	 319
1173.97	 551
1174.14	 322
1174.18	 367
1174.33	 370
1174.35	 564
1174.57	 364
1174.6	 716
1174.62	 716
1174.77	 318
1174.91	 333
1175.05	 514
1175.14	 522
1175.17	 537
1175.21	 718
1175.23	 100
1175.23	 101
1175.24	 338
1175.36	 717
1175.41	 395
1175.48	 574
1175.53	 526
1175.54	 357
1175.62	 713
1175.79	 325
1175.84	 552
1175.96	 605
1176.03	 527
1176.14	 531
1176.25	 543
1176.29	 713
1176.32	 547
1176.6	 608
1176.67	 335
1176.97	 555
1177.47	 544
1177.53	 354
1177.61	 397
1177.81	 315
1177.83	 345
1177.97	 387
1177.98	 578
1178.17	 719
1178.18	 382
1178.27	 609
1179.18	 716
1179.36	 327
1179.57	 602
1179.62	 399
1179.63	 606
1179.7	 355
1179.76	 324
1180.03	 583
1180.1	 206
1180.1	 207
1180.53	 579
1180.53	 317
1180.66	 719
1180.68	 528
1182.09	 381
1182.63	 715
1182.75	 100
1182.75	 101
1183.03	 575
1184.1	 610
1184.24	 341
1184.55	 561
1185.46	 715
1185.67	 725
1185.72	 569
1185.8	 359
1185.96	 516
1186.2	 596
1186.57	 572
1187.23	 721
1187.74	 533
1188.45	 589
1188.83	 577
1188.84	 718
1189.11	 541
1189.54	 717
1190.55	 717
1190.75	 717
1192.05	 100
1192.05	 101
1192.29	 347
1192.73	 584
1193.09	 721
1193.93	 601
1194.87	 585
1199.7	 720
1201.72	 582
1205.49	 721
1208.53	 100
1208.53	 101
1209.97	 467
1210.19	 717
1214.25	 720
1215.82	 423
1217.44	 437
1218.76	 421
1220.68	 440
1221.3	 718
1222.65	 490
1223.2	 469
1224.56	 472
1224.89	 448
1225.63	 470
1225.92	 714
1225.99	 452
1227.03	 414
1227.5	 481
1227.7	 427
1228.7	 489
1229.94	 450
1230.69	 475
1230.9	 502
1231.28	 509
1231.8	 480
1231.87	 474
1231.92	 417
1232.04	 431
1232.38	 492
1232.61	 504
1233.08	 461
1233.3	 439
1233.39	 485
1233.64	 507
1234.18	 477
1234.39	 484
1235.01	 429
1235.08	 506
1235.24	 433
1235.32	 436
1236.16	 425
1236.4	 503
1237.29	 483
1237.93	 497
1238.26	 511
1239.76	 424
1240.06	 677
1240.06	 640
1240.14	 476
1240.21	 632
1240.23	 623
1240.27	 643
1240.32	 456
1240.44	 729
1240.61	 443
1240.67	 694
1240.67	 486
1240.69	 479
1240.72	 690
1240.78	 633
1240.82	 706
1241.05	 651
1241.15	 678
1241.15	 428
1241.17	 466
1241.23	 413
1241.34	 446
1241.48	 496
1241.5	 416
1241.52	 614
1241.59	 441
1241.68	 444
1241.71	 669
1241.75	 495
1241.76	 671
1241.79	 663
1241.86	 720
1241.87	 701
1241.95	 628
1241.96	 634
1242	 635
1242.02	 712
1242.04	 463
1242.62	 642
1242.71	 498
1242.82	 415
1242.84	 641
1242.94	 705
1243	 615
1243.02	 731
1243.14	 730
1243.29	 667
1243.55	 696
1243.66	 510
1243.86	 656
1243.88	 676
1243.89	 699
1243.9	 430
1243.96	 679
1244	 707
1244.19	 438
1244.2	 666
1244.21	 621
1244.25	 683
1244.38	 708
1244.38	 673
1244.49	 688
1244.63	 711
1244.65	 697
1244.68	 686
1244.83	 310
1244.83	 311
1244.85	 617
1244.89	 505
1245	 309
1245.02	 465
1245.02	 695
1245.05	 636
1245.1	 434
1245.1	 644
1245.21	 692
1245.55	 665
1245.68	 684
1246.05	 451
1246.12	 700
1246.14	 462
1246.77	 687
1247.32	 471
1247.34	 458
1247.5	 473
1247.64	 680
1247.77	 726
1247.92	 432
1247.92	 500
1247.96	 619
1248.03	 689
1248.09	 662
1248.12	 442
1248.43	 664
1248.51	 710
1248.65	 32
1248.65	 35
1248.65	 50
1248.65	 82
1248.71	 702
1248.79	 645
1248.89	 660
1249.01	 453
1249.04	 613
1249.3	 624
1249.34	 512
1249.48	 464
1249.54	 704
1249.54	 709
1249.64	 459
1249.83	 104
1249.86	 482
1249.89	 685
1249.98	 618
1250.29	 478
1250.33	 460
1251.07	 674
1251.45	 105
1251.45	 106
1251.45	 110
1251.45	 111
1251.45	 113
1251.45	 114
1251.45	 115
1251.45	 122
1251.45	 133
1251.45	 137
1251.45	 149
1251.45	 163
1251.45	 170
1251.45	 171
1251.45	 176
1251.45	 192
1251.45	 193
1251.45	 195
1251.45	 201
1251.45	 204
1251.57	 488
1251.74	 422
1251.78	 670
1251.84	 449
1251.84	 682
1251.92	 728
1252.09	 655
1252.13	 659
1252.25	 206
1252.25	 207
1252.32	 648
1252.36	 622
1252.37	 658
1252.6	 493
1252.78	 100
1252.78	 101
1252.92	 631
1253.13	 312
1253.21	 650
1253.22	 698
1253.38	 627
1253.4	 675
1253.79	 487
1254.04	 494
1254.09	 508
1254.32	 668
1254.43	 499
1254.45	 732
1254.59	 419
1254.61	 501
1254.75	 637
1254.76	 647
1254.98	 661
1255.37	 646
1255.42	 626
1255.63	 724
1255.74	 445
1255.82	 629
1256.02	 454
1256.53	 447
1257.05	 630
1257.2	 426
1257.55	 418
1257.64	 420
1257.68	 723
1257.88	 435
1258.09	 672
1258.17	 652
1258.72	 654
1258.94	 657
1259.01	 727
1259.13	 653
1259.58	 491
1259.83	 725
1260	 733
1260.53	 638
1261.1	 100
1261.1	 101
1261.27	 457
1261.53	 468
1262.26	 732
1262.53	 208
1262.65	 455
1263.63	 731
1264.13	 639
1265.11	 620
1265.31	 728
1265.69	 681
1265.73	 727
1266.5	 104
1266.69	 728
1267.64	 729
1268.74	 723
1270	 649
1270	 733
1270.72	 729
1272.35	 100
1272.35	 101
1274.24	 732
1275.53	 730
1276.32	 691
1277.27	 625
1279.5	 693
1280	 733
1280.18	 597
1280.66	 616
1281.04	 602
1282.03	 723
1282.56	 608
1283.69	 405
1287.15	 354
1288.18	 362
1288.32	 703
1290	 733
1290.41	 606
1290.49	 590
1290.6	 408
1291.33	 411
1291.81	 370
1292.6	 550
1292.87	 339
1293.1	 726
1294.23	 516
1294.34	 535
1294.76	 520
1295.04	 330
1295.23	 356
1295.27	 588
1295.34	 336
1295.84	 334
1295.93	 570
1296.04	 338
1296.11	 526
1296.3	 569
1296.63	 382
1297.74	 607
1297.76	 409
1298.01	 584
1298.15	 583
1298.32	 592
1298.63	 517
1298.68	 519
1298.88	 349
1298.91	 571
1299	 328
1299.03	 211
1299.03	 213
1299.03	 214
1299.03	 216
1299.03	 217
1299.03	 232
1299.03	 242
1299.03	 244
1299.03	 249
1299.03	 252
1299.03	 256
1299.03	 264
1299.03	 267
1299.03	 276
1299.03	 279
1299.03	 281
1299.03	 285
1299.03	 288
1299.03	 296
1299.03	 301
1299.42	 573
1299.48	 316
1299.56	 369
1300	 733
1300.02	 528
1300.12	 337
1300.23	 331
1300.92	 391
1301.07	 609
1301.09	 395
1301.1	 578
1301.35	 347
1301.37	 522
1301.54	 544
1301.76	 538
1301.98	 555
1302.17	 343
1302.26	 360
1302.33	 393
1302.47	 327
1302.56	 384
1302.57	 575
1302.73	 385
1303.15	 530
1303.31	 558
1303.45	 562
1303.6	 388
1303.84	 572
1304.05	 400
1304.21	 412
1304.24	 380
1304.26	 319
1304.29	 556
1304.35	 551
1304.39	 611
1304.44	 596
1304.53	 541
1304.93	 534
1304.96	 525
1305.41	 333
1305.95	 399
1306	 580
1306.37	 576
1306.88	 561
1306.9	 406
1307.5	 346
1307.71	 549
1307.75	 564
1307.86	 348
1308.23	 724
1308.32	 568
1308.43	 610
1308.53	 368
1308.54	 383
1308.57	 381
1308.69	 560
1308.9	 326
1309.02	 529
1309.3	 377
1309.54	 521
1309.67	 325
1309.68	 589
1309.94	 546
1309.97	 599
1309.98	 536
1310	 733
1310.14	 351
1310.16	 586
1310.38	 605
1310.39	 714
1310.43	 363
1310.72	 722
1310.91	 394
1310.94	 410
1310.94	 355
1311.05	 593
1311.16	 718
1311.25	 378
1311.28	 401
1311.56	 581
1311.61	 332
1311.61	 318
1311.64	 604
1311.68	 324
1312.06	 601
1312.23	 567
1312.28	 595
1312.48	 539
1312.56	 574
1312.65	 32
1312.65	 35
1312.65	 50
1312.65	 82
1313.02	 313
1313.44	 314
1313.55	 598
1313.62	 321
1313.74	 398
1313.77	 553
1313.83	 104
1314.05	 513
1314.06	 531
1314.12	 547
1314.35	 375
1314.44	 718
1314.56	 340
1314.6	 716
1314.61	 390
1314.73	 407
1315.06	 344
1315.2	 105
1315.2	 106
1315.2	 110
1315.2	 111
1315.2	 113
1315.2	 114
1315.2	 115
1315.2	 122
1315.2	 133
1315.2	 137
1315.2	 149
1315.2	 163
1315.2	 170
1315.2	 171
1315.2	 176
1315.2	 192
1315.2	 193
1315.2	 195
1315.2	 201
1315.2	 204
1315.36	 717
1315.62	 713
1315.65	 563
1315.65	 365
1315.76	 373
1315.79	 315
1315.85	 350
1315.89	 359
1315.91	 603
1315.93	 402
1316.08	 100
1316.08	 101
1316.13	 404
1316.62	 577
1316.84	 591
1316.85	 312
1316.96	 533
1316.98	 585
1317.06	 403
1317.08	 600
1317.22	 554
1317.3	 205
1317.32	 364
1317.38	 543
1317.39	 540
1317.59	 552
1317.88	 714
1317.93	 366
1318.17	 719
1318.18	 718
1318.19	 565
1318.2	 317
1318.24	 387
1318.25	 386
1318.29	 524
1318.31	 345
1318.31	 527
1318.36	 532
1318.59	 566
1318.9	 587
1319.03	 582
1319.13	 559
1319.32	 523
1319.59	 353
1319.83	 716
1319.93	 329
1320	 733
1320.2	 374
1320.24	 579
1320.28	 352
1320.31	 358
1320.84	 371
1320.92	 342
1321.06	 594
1321.12	 372
1321.16	 335
1321.16	 389
1321.83	 515
1322.19	 397
1322.63	 715
1322.75	 379
1323.05	 612
1323.28	 312
1323.48	 396
1323.69	 361
1323.88	 100
1323.88	 101
1324.2	 518
1324.29	 716
1324.4	 320
1324.43	 514
1324.79	 537
1325.79	 557
1325.94	 376
1326.36	 341
1326.38	 545
1326.57	 717
1327.23	 721
1328.88	 542
1329.44	 367
1330.01	 718
1330.06	 548
1330.3	 713
1331.03	 357
1331.15	 717
1333.98	 100
1333.98	 101
1334.27	 322
1335.29	 392
1338.38	 715
1338.76	 323
1339.7	 720
1342.13	 437
1344.78	 102
1344.78	 103
1345.32	 720
1346	 721
1347.59	 499
1348.94	 717
1352.53	 721
1355.01	 717
1356.5	 721
1357.87	 449
1358.82	 718
1359.51	 714
1361.31	 458
1361.99	 511
1362.72	 469
1363.09	 423
1363.39	 487
1363.41	 440
1363.67	 448
1364.09	 424
1365.6	 417
1365.79	 460
1366.09	 429
1366.15	 453
1366.22	 483
1366.48	 436
1366.53	 434
1369.01	 443
1369.21	 479
1369.22	 421
1369.29	 492
1369.3	 484
1369.46	 432
1369.56	 505
1370	 491
1370.03	 422
1370.92	 465
1370.95	 494
1371	 482
1371.12	 488
1371.37	 420
1373.1	 509
1373.69	 454
1373.77	 413
1373.94	 464
1374.42	 426
1374.68	 468
1374.86	 419
1374.99	 476
1375.01	 455
1375.86	 497
1376.12	 475
1376.37	 433
1376.9	 442
1377.62	 457
1377.65	 508
1378.13	 720
1378.95	 490
1379.34	 451
1379.35	 473
1379.47	 441
1379.96	 478
1380.1	 620
1380.1	 700
1380.11	 709
1380.11	 452
1380.16	 439
1380.18	 689
1380.31	 626
1380.4	 463
1380.44	 729
1380.48	 617
1380.59	 667
1380.63	 682
1380.68	 693
1380.76	 675
1381.04	 481
1381.06	 663
1381.06	 710
1381.08	 498
1381.2	 712
1381.32	 625
1381.41	 471
1381.51	 692
1381.56	 446
1381.84	 661
1381.97	 683
1382.05	 502
1382.09	 431
1382.11	 677
1382.16	 627
1382.21	 697
1382.28	 705
1382.37	 685
1382.39	 477
1382.44	 646
1382.44	 619
1382.49	 665
1382.7	 642
1382.74	 438
1382.75	 694
1383.02	 731
1383.03	 618
1383.12	 652
1383.14	 730
1383.17	 472
1383.21	 670
1383.32	 650
1383.39	 506
1383.41	 461
1383.46	 474
1383.67	 501
1383.87	 416
1383.87	 686
1383.88	 486
1383.95	 707
1384	 462
1384.04	 633
1384.51	 615
1384.54	 500
1384.56	 428
1384.68	 310
1384.68	 311
1384.79	 657
1384.83	 309
1384.89	 666
1385.07	 614
1385.26	 669
1385.44	 493
1385.47	 485
1385.47	 688
1385.54	 503
1385.64	 510
1385.66	 681
1385.7	 430
1385.78	 456
1385.9	 632
1386.05	 643
1386.07	 624
1386.1	 648
1386.13	 695
1386.43	 658
1386.67	 450
1386.82	 653
1387.38	 613
1387.44	 623
1387.77	 726
1387.8	 651
1387.82	 628
1387.88	 470
1388.08	 649
1388.14	 654
1388.2	 418
1388.46	 680
1388.48	 415
1388.7	 466
1388.74	 699
1388.86	 621
1389.03	 641
1389.04	 673
1389.19	 496
1389.69	 630
1390.05	 489
1390.22	 655
1390.3	 656
1390.48	 467
1390.63	 711
1390.69	 647
1390.87	 480
1390.88	 435
1391	 660
1391.37	 444
1391.4	 32
1391.4	 35
1391.4	 50
1391.4	 82
1391.41	 629
1391.62	 459
1391.69	 637
1391.77	 427
1391.78	 507
1391.88	 504
1391.92	 728
1392.36	 638
1392.58	 104
1392.65	 684
1393.44	 640
1393.61	 512
1393.67	 425
1393.85	 696
1393.87	 645
1394.09	 672
1394.18	 105
1394.18	 106
1394.18	 110
1394.18	 111
1394.18	 113
1394.18	 114
1394.18	 115
1394.18	 122
1394.18	 133
1394.18	 137
1394.18	 149
1394.18	 163
1394.18	 170
1394.18	 171
1394.18	 176
1394.18	 192
1394.18	 193
1394.18	 195
1394.18	 201
1394.18	 204
1394.39	 728
1394.45	 732
1394.77	 414
1394.8	 206
1394.8	 207
1394.87	 678
1395.02	 631
1395.02	 662
1395.04	 674
1395.13	 671
1395.32	 708
1395.51	 616
1395.52	 659
1395.63	 724
1395.85	 312
1395.87	 731
1396.25	 728
1396.41	 447
1396.53	 100
1396.53	 101
1396.77	 687
1397.07	 703
1397.21	 668
1397.67	 702
1397.68	 723
1398.6	 495
1398.64	 445
1399.01	 727
1399.47	 690
1399.83	 725
1401.68	 727
1401.8	 725
1402.35	 676
1402.6	 729
1402.98	 208
1404.24	 732
1404.59	 698
1404.91	 691
1405.36	 636
1405.68	 701
1405.7	 100
1405.7	 101
1407.02	 730
1408.08	 622
1408.1	 723
1409.28	 704
1409.32	 664
1410.91	 732
1411.38	 104
1411.53	 723
1411.6	 706
1411.8	 635
1413.67	 729
1416.59	 634
1417.24	 727
1418.14	 723
1420.33	 100
1420.33	 101
1420.4	 639
1422.48	 679
1425.71	 611
1426.23	 349
1426.77	 341
1427.2	 644
1428.62	 564
1428.72	 582
1428.85	 406
1429.23	 535
1430.43	 395
1430.48	 604
1431.21	 726
1431.49	 381
1432.88	 391
1434.56	 565
1434.83	 320
1434.88	 526
1435.4	 574
1435.62	 605
1436.01	 563
1436.09	 384
1436.15	 344
1436.31	 562
1436.42	 609
1436.48	 365
1436.56	 554
1436.69	 334
1436.75	 326
1437.29	 610
1437.4	 516
1438.06	 324
1438.28	 521
1438.45	 329
1439.02	 393
1439.23	 346
1439.26	 385
1439.33	 211
1439.33	 213
1439.33	 214
1439.33	 216
1439.33	 217
1439.33	 232
1439.33	 242
1439.33	 244
1439.33	 249
1439.33	 252
1439.33	 256
1439.33	 264
1439.33	 267
1439.33	 276
1439.33	 279
1439.33	 281
1439.33	 285
1439.33	 288
1439.33	 296
1439.33	 301
1439.34	 598
1439.38	 603
1439.69	 375
1439.8	 539
1440.45	 372
1440.49	 724
1440.68	 350
1441.27	 331
1441.44	 402
1441.56	 339
1441.58	 544
1441.61	 561
1441.7	 330
1441.71	 527
1441.74	 548
1442	 332
1442.03	 409
1442.22	 566
1442.34	 343
1442.41	 513
1442.45	 553
1442.91	 379
1443.11	 318
1443.12	 356
1443.2	 555
1443.3	 386
1443.53	 587
1443.82	 543
1443.84	 579
1443.92	 537
1443.93	 410
1443.99	 325
1444.05	 383
1444.13	 573
1444.27	 514
1444.55	 396
1444.72	 581
1444.72	 319
1444.87	 523
1444.87	 335
1444.87	 586
1444.96	 572
1445.01	 397
1445.17	 601
1445.22	 358
1445.48	 591
1445.53	 559
1445.62	 606
1445.66	 584
1445.73	 595
1445.85	 528
1445.86	 588
1446.08	 540
1446.15	 322
1446.22	 360
1446.36	 532
1447.19	 558
1447.23	 205
1447.47	 529
1447.82	 536
1447.86	 357
1448.03	 520
1448.2	 367
1448.38	 361
1448.42	 545
1448.43	 314
1448.56	 546
1448.6	 359
1448.65	 340
1449.25	 323
1449.28	 313
1449.53	 390
1449.76	 541
1449.94	 551
